velocity_impulse = 9700
mass = 1000
v_e = 4500